Webots Project File version R2023b
perspectives: 000000ff00000000fd0000000300000000000001ca0000039ffc0200000001fb00000012005300630065006e0065005400720065006501000000000000039f000000000000000000000001000001e2000002b4fc0200000001fb0000001400540065007800740045006400690074006f00720100000016000002b40000008900ffffff00000003000004cc000000b9fc0100000002fb0000000e0043006f006e0073006f006c006501000001d0000005b00000000000000000fb0000001a0043006f006e0073006f006c00650041006c006c0041006c006c0100000000000004cc0000000000000000000002e8000002b400000004000000040000000100000008fc00000000
simulationViewPerspectives: 000000ff0000000100000002000000fc000001970100000002010000000101
sceneTreePerspectives: 000000ff00000001000000030000001c00000258000000000100000002010000000201
maximizedDockId: -1
centralWidgetVisible: 1
renderingMode: PLAIN
orthographicViewHeight: 1
textFiles: 1 "controllers/EPuckGoForward/EPuckGoForward.java" "controllers/EPackAvoidCollision/EPackAvoidCollision.java"
globalOptionalRendering: CoordinateSystem::DistanceSensorRays
renderingDevicePerspectives: e-puck:camera;1;1.87179;0;0.0017452
