Webots Project File version R2022a
perspectives: 000000ff00000000fd00000003000000000000000000000000fc0100000001fb0000001a0044006f00630075006d0065006e0074006100740069006f006e0000000000ffffffff0000000000000000000000010000031f000003c3fc0200000001fb0000001400540065007800740045006400690074006f00720100000000000003c30000006d00ffffff0000000300000919000000d2fc0100000003fb0000000e0043006f006e0073006f006c006501000000000000073f0000000000000000fb0000001a0043006f006e0073006f006c00650041006c006c0041006c006c0100000000000009190000000000000000fb0000001a0043006f006e0073006f006c00650041006c006c0041006c006c0100000000000009190000004e00ffffff000005f4000003c300000001000000020000000100000008fc00000000
simulationViewPerspectives: 000000ff000000010000000200000131000002410100000006010000000101
sceneTreePerspectives: 000000ff0000000100000002000000c0000000fc0100000006010000000201
maximizedDockId: -1
centralWidgetVisible: 1
orthographicViewHeight: 1
textFiles: 0 "controllers/MyLab5Controller/MyLab5Controller.java" "controllers/my_lab5_controller/my_lab5_controller.py"
consoles: Console:All:All
renderingDevicePerspectives: Pioneer 3-DX:camera;1;0.698438;0;0
renderingDevicePerspectives: Pioneer 3-DX:sensor_display;1;0.902;0;0.497225
